---
images/banner-large.jpg: 2018-01-29 16:33:55.311255251 +01:00
images/banner-xl.jpg: 2018-01-29 16:33:55.451255249 +01:00
images/banner-small.jpg: 2018-01-29 16:33:55.499255249 +01:00
images/banner-med.jpg: 2018-01-29 16:33:55.567255248 +01:00
images/banner-xl2.jpg: 2018-01-29 16:33:55.691255247 +01:00
